{
 "cells": [
  {
   "cell_type": "code",
   "execution_count": 1,
   "metadata": {},
   "outputs": [],
   "source": [
    "import numpy as np\n"
   ]
  },
  {
   "cell_type": "code",
   "execution_count": 33,
   "metadata": {},
   "outputs": [],
   "source": [
    "class logistic_regression:\n",
    "    def __init__(self,x,y):\n",
    "        self.x=x\n",
    "        self.y=y\n",
    "        self.w=np.random.randn(self.x[0].size)\n",
    "        \n",
    "    def log_reg(self):\n",
    "        sum=0\n",
    "        for i in range(len(x)):\n",
    "            sum=sum+np.log(1+np.exp(-self.y[i]*np.dot(self.w.T,self.x[i])))\n",
    "            #print(str(i)+\" \"+str(sum))\n",
    "        return sum+np.dot(self.w.T,self.w)              \n",
    "    def gradient(self):\n",
    "        h=1/(2**12)\n",
    "        gradient=np.zeros_like(self.w)\n",
    "        for i in range(self.w.size):\n",
    "            tmp=self.w[i]\n",
    "            self.w[i]=self.w[i]+h\n",
    "            f1=self.log_reg()\n",
    "            self.w[i]=tmp-h\n",
    "            f2=self.log_reg()\n",
    "            gradient[i]=(f1-f2)/(2*h)\n",
    "            self.w[i]=tmp\n",
    "        return gradient\n",
    "    def hessian(self):\n",
    "        mat=np.zeros([len(self.w),len(self.w)])\n",
    "        h=1/(2**10)\n",
    "        for i in range(len(self.w)):\n",
    "            tmp=self.w[i]\n",
    "            self.w[i]=tmp+h\n",
    "            f1=self.gradient()\n",
    "            self.w[i]=tmp-h\n",
    "            f2=self.gradient()\n",
    "            mat[i]=(f1-f2)/(2*h)\n",
    "            self.w[i]=tmp\n",
    "        return mat.T\n",
    "    def steepest_gradient_method(self):\n",
    "        alpha=0.001\n",
    "        for i in range(100):\n",
    "            self.w=self.w-alpha*self.gradient()\n",
    "            if i%10==0:\n",
    "                print(str(i)+\" :\"+str(self.log_reg()))\n",
    "    def newton_based_method(self):\n",
    "        alpha=1\n",
    "        for i in range(10):\n",
    "            H=self.hessian()\n",
    "            invH=np.linalg.inv(H)\n",
    "            #print()\n",
    "            #print(invH)\n",
    "            #print(self.gradient())\n",
    "            d=np.dot(invH,-self.gradient())\n",
    "            #print(d)\n",
    "            #print(np.dot(invH,-self.gradient()))\n",
    "            self.w=self.w+alpha*d\n",
    "            print(self.log_reg())\n",
    "            #print(invH)\n",
    "            print(\"##########################\")\n",
    "    def judge(self,x):\n",
    "        return 1 if np.dot(self.w.T,x)>=0 else -1"
   ]
  },
  {
   "cell_type": "code",
   "execution_count": 3,
   "metadata": {},
   "outputs": [
    {
     "name": "stdout",
     "output_type": "stream",
     "text": [
      "-2.297427508324759 -1\n",
      "1323.610881937781\n",
      "96.62619343196643\n",
      "accuracy98%\n"
     ]
    }
   ],
   "source": [
    "import numpy as np\n",
    "x=np.random.randn(500,7)\n",
    "y=[1 if sum(x[i])>=0 else -1 for i in range(len(x))]\n",
    "print(str(sum(x[0]))+\" \"+str(y[0]))\n",
    "f=logistic_regression(x,y)\n",
    "print(f.log_reg())\n",
    "f.steepest_gradient_method()\n",
    "print(f.log_reg())\n",
    "correct=0\n",
    "for i in range(100):\n",
    "    a=np.random.randn(7)\n",
    "    #print(str(f.judge(a))+\" \"+str(sum(a)))\n",
    "    if np.sum(a)>=0 and f.judge(a)==1:\n",
    "        correct=correct+1\n",
    "    if np.sum(a)<0 and f.judge(a)==-1:\n",
    "        correct=correct+1\n",
    "print(\"accuracy\"+str(correct)+\"%\")"
   ]
  },
  {
   "cell_type": "code",
   "execution_count": 40,
   "metadata": {},
   "outputs": [
    {
     "name": "stdout",
     "output_type": "stream",
     "text": [
      "1 1\n",
      "0 :343.41051482945846\n",
      "10 :196.60693723250213\n",
      "20 :120.65803889505318\n",
      "30 :86.92586178146553\n",
      "40 :71.64349621673145\n",
      "50 :63.730342683788265\n",
      "60 :59.080408932331586\n",
      "70 :56.063632449272774\n",
      "80 :53.95670250239444\n",
      "90 :52.40423425916239\n",
      "[[ 0.03333745 -0.005223    0.00205239  0.00260485  0.00769101  0.00178681]\n",
      " [-0.005223    0.04311085 -0.01536454 -0.01140673 -0.02268463  0.00059143]\n",
      " [ 0.00205239 -0.01536454  0.04250137  0.00753895  0.01087186 -0.00016093]\n",
      " [ 0.00260485 -0.01140673  0.00753895  0.03051683  0.01027475 -0.00084614]\n",
      " [ 0.00769101 -0.02268463  0.01087186  0.01027475  0.0475905   0.00185199]\n",
      " [ 0.00178681  0.00059143 -0.00016093 -0.00084614  0.00185199  0.02601733]]\n",
      "[-24.78710909 -75.57103249  -5.62114444 -17.53003366   5.63529805\n",
      " -31.59030942]\n",
      "[ 0.50193593  2.98865954 -0.80552741 -0.30474441 -1.49211545  0.88470601]\n",
      "100.29668849683978\n",
      "##########################\n",
      "[[ 4.86148978e-02  1.71784920e-02 -7.05859849e-04  3.37744163e-03\n",
      "   2.31167477e-03  8.33357819e-03]\n",
      " [ 1.71784911e-02  6.09896904e-02 -4.12039593e-05  5.79625176e-03\n",
      "  -8.04639142e-03  1.69800120e-02]\n",
      " [-7.05859671e-04 -4.12033057e-05  3.97675295e-02  4.94532059e-03\n",
      "   1.40425910e-03  1.37809012e-04]\n",
      " [ 3.37744165e-03  5.79625257e-03  4.94532024e-03  3.23129165e-02\n",
      "  -6.69522878e-04  1.70920846e-03]\n",
      " [ 2.31167446e-03 -8.04639277e-03  1.40425998e-03 -6.69522916e-04\n",
      "   3.63739658e-02 -7.73479411e-05]\n",
      " [ 8.33357872e-03  1.69800136e-02  1.37808304e-04  1.70920815e-03\n",
      "  -7.73475292e-05  3.89512179e-02]]\n",
      "[ -7.09613598  18.89888082 -20.73891056 -21.71052868 -36.46767355\n",
      "  -0.7323172 ]\n",
      "[ 0.16941516 -1.18674924  0.97918156  0.69535089  1.50947617 -0.19609728]\n",
      "56.34251608919798\n",
      "##########################\n",
      "[[0.04894197 0.00409204 0.00969765 0.00993986 0.01726437 0.00997065]\n",
      " [0.00409204 0.03671881 0.00444266 0.00598831 0.00291117 0.00536465]\n",
      " [0.00969765 0.00444266 0.04943588 0.01486433 0.01396231 0.01059357]\n",
      " [0.00993986 0.00598831 0.01486433 0.04265964 0.01539462 0.00797713]\n",
      " [0.01726437 0.00291117 0.01396231 0.01539462 0.05082895 0.01333477]\n",
      " [0.00997065 0.00536465 0.01059357 0.00797713 0.01333477 0.03876623]]\n",
      "[ -6.16487585 -13.00865127   1.73974876  -3.63718266   5.97626089\n",
      " -12.87671293]\n",
      "[0.39944741 0.5686218  0.13860401 0.27919546 0.04394609 0.56132829]\n",
      "46.1976365075035\n",
      "##########################\n",
      "[[0.06807866 0.01601132 0.01583334 0.01864856 0.02298098 0.02122649]\n",
      " [0.01601132 0.05325518 0.01349236 0.01670331 0.01052727 0.01653828]\n",
      " [0.01583334 0.01349236 0.06145664 0.02212028 0.01746245 0.01942073]\n",
      " [0.01864857 0.01670331 0.02212028 0.05548326 0.01926913 0.01972929]\n",
      " [0.02298098 0.01052727 0.01746245 0.01926913 0.05681323 0.02302026]\n",
      " [0.0212265  0.01653828 0.01942073 0.01972929 0.02302026 0.0573577 ]]\n",
      "[-1.66354427 -2.5966756  -0.30610468 -1.55260761  0.3097312  -2.21356223]\n",
      "[0.22849687 0.2283336  0.15211134 0.20501442 0.13418848 0.23466713]\n",
      "45.22093291178631\n",
      "##########################\n",
      "[[0.07995936 0.02248879 0.02003701 0.02437924 0.02790834 0.02750534]\n",
      " [0.02248879 0.06320848 0.0182115  0.02265039 0.01488026 0.02275701]\n",
      " [0.02003702 0.0182115  0.07004851 0.02729101 0.02132803 0.02437445]\n",
      " [0.02437925 0.02265039 0.02729101 0.06477221 0.02358511 0.02591436]\n",
      " [0.02790834 0.01488026 0.02132803 0.02358511 0.06368476 0.02823185]\n",
      " [0.02750534 0.02275701 0.02437445 0.02591436 0.02823185 0.06808426]]\n",
      "[-0.17995498 -0.28946807 -0.03734964 -0.17068487  0.01156135 -0.22681969]\n",
      "[0.03172451 0.03187978 0.02143388 0.02862389 0.01981908 0.03198717]\n",
      "45.20697675523996\n",
      "##########################\n",
      "[[0.08161083 0.02340843 0.02060889 0.02516796 0.02860671 0.02837424]\n",
      " [0.02340843 0.06464545 0.01886869 0.02349262 0.01550823 0.02364049]\n",
      " [0.02060889 0.0188687  0.07124397 0.02800145 0.02186819 0.02504188]\n",
      " [0.02516796 0.02349262 0.02800145 0.06607484 0.02419101 0.02676791]\n",
      " [0.02860671 0.01550823 0.02186819 0.02419101 0.06467451 0.02895437]\n",
      " [0.02837424 0.02364049 0.02504188 0.02676791 0.02895437 0.06958408]]\n",
      "[-2.45896801e-03 -4.35921895e-03 -3.99861921e-04 -2.35905100e-03\n",
      " -2.41839734e-05 -3.08750579e-03]\n",
      "[0.00045863 0.00047569 0.00030532 0.0004146  0.00029472 0.00046153]\n",
      "45.2069738881347\n",
      "##########################\n",
      "[[0.08163479 0.02342199 0.02061708 0.02517933 0.02861688 0.02838681]\n",
      " [0.02342199 0.06466682 0.01887833 0.02350503 0.01551763 0.02365346]\n",
      " [0.02061708 0.01887833 0.07126117 0.02801165 0.02187602 0.02505137]\n",
      " [0.02517934 0.02350503 0.02801165 0.06609379 0.02419988 0.02678022]\n",
      " [0.02861688 0.01551763 0.02187602 0.02419988 0.06468915 0.02896494]\n",
      " [0.02838681 0.02365346 0.02505137 0.02678022 0.02896494 0.06960588]]\n",
      "[-4.90384991e-07 -9.49337846e-07 -5.61267370e-08 -4.70114173e-07\n",
      " -3.87954060e-08 -6.10350980e-07]\n",
      "[9.36983073e-08 1.00025009e-07 6.13393690e-08 8.45897883e-08\n",
      " 6.15577182e-08 9.39791297e-08]\n",
      "45.20697388813457\n",
      "##########################\n",
      "[[0.08163479 0.02342199 0.02061708 0.02517934 0.02861688 0.02838681]\n",
      " [0.02342199 0.06466683 0.01887833 0.02350503 0.01551763 0.02365346]\n",
      " [0.02061708 0.01887833 0.07126117 0.02801165 0.02187602 0.02505138]\n",
      " [0.02517934 0.02350503 0.02801165 0.0660938  0.02419988 0.02678022]\n",
      " [0.02861688 0.01551763 0.02187602 0.02419988 0.06468915 0.02896494]\n",
      " [0.02838682 0.02365347 0.02505138 0.02678022 0.02896494 0.06960588]]\n",
      "[-5.82076609e-11  0.00000000e+00  2.91038305e-11  2.91038305e-11\n",
      "  8.73114914e-11 -1.45519152e-11]\n",
      "[ 1.33341922e-12 -8.80843299e-13 -3.23462962e-12 -2.99642234e-12\n",
      " -4.90187440e-12 -1.37224089e-12]\n",
      "45.206973888134584\n",
      "##########################\n",
      "[[0.08163479 0.02342199 0.02061708 0.02517934 0.02861688 0.02838681]\n",
      " [0.02342199 0.06466683 0.01887833 0.02350503 0.01551763 0.02365346]\n",
      " [0.02061708 0.01887833 0.07126117 0.02801165 0.02187602 0.02505138]\n",
      " [0.02517934 0.02350503 0.02801165 0.0660938  0.02419988 0.02678022]\n",
      " [0.02861688 0.01551763 0.02187602 0.02419988 0.06468915 0.02896494]\n",
      " [0.02838681 0.02365347 0.02505138 0.02678022 0.02896494 0.06960588]]\n",
      "[ 4.36557457e-11 -1.45519152e-11  1.45519152e-11  0.00000000e+00\n",
      " -4.36557457e-11  1.45519152e-11]\n",
      "[-2.68680222e-12 -2.29635373e-14 -1.07185628e-12 -4.98042547e-13\n",
      "  1.06073985e-12 -1.00800279e-12]\n",
      "45.2069738881346\n",
      "##########################\n",
      "[[0.0816348  0.02342199 0.02061708 0.02517934 0.02861688 0.02838681]\n",
      " [0.02342199 0.06466683 0.01887833 0.02350503 0.01551763 0.02365346]\n",
      " [0.02061708 0.01887833 0.07126117 0.02801165 0.02187602 0.02505138]\n",
      " [0.02517934 0.02350503 0.02801165 0.0660938  0.02419988 0.02678022]\n",
      " [0.02861688 0.01551763 0.02187602 0.02419988 0.06468915 0.02896494]\n",
      " [0.02838682 0.02365347 0.02505138 0.02678022 0.02896494 0.06960588]]\n",
      "[-4.36557457e-11  2.91038305e-11  1.45519152e-11 -2.91038305e-11\n",
      "  2.91038305e-11 -2.91038305e-11]\n",
      "[ 3.30825943e-12 -2.13393472e-13  2.21297182e-13  2.00619369e-12\n",
      "  1.43928404e-13  2.14850976e-12]\n",
      "45.206973888134584\n",
      "##########################\n",
      "accuracy75%\n",
      "accuracy80%\n"
     ]
    }
   ],
   "source": [
    "def fun(x):\n",
    "    a=0\n",
    "    for i in range(x.size):\n",
    "        if x[i]>0:\n",
    "            a=a+1\n",
    "        else:\n",
    "            a=a-1\n",
    "    if a>=0:\n",
    "        return 1\n",
    "    else :\n",
    "        return -1\n",
    "dim=6\n",
    "x=np.random.randn(200,dim)\n",
    "#y=[fun(x[i]) for i in range(len(x))]\n",
    "y=[1 if sum(x[i])>=0 else -1 for i in range(len(x))]\n",
    "print(str(fun(x[0]))+\" \"+str(y[0]))\n",
    "f=logistic_regression(x,y)\n",
    "f.steepest_gradient_method()\n",
    "f1=logistic_regression(x,y)\n",
    "f1.newton_based_method()\n",
    "\n",
    "correct=0\n",
    "for i in range(100):\n",
    "    a=np.random.randn(dim)\n",
    "    #print(str(f.judge(a))+\" \"+str(sum(a)))\n",
    "    if np.sum(a)>=0 and f.judge(a)==1:\n",
    "        correct=correct+1\n",
    "    if np.sum(a)<0 and f.judge(a)==-1:\n",
    "        correct=correct+1\n",
    "print(\"accuracy\"+str(correct)+\"%\")\n",
    "correct=0\n",
    "\n",
    "for i in range(100):\n",
    "    a=np.random.randn(dim)\n",
    "    #print(str(f.judge(a))+\" \"+str(sum(a)))\n",
    "    if np.sum(a)>=0 and f1.judge(a)==1:\n",
    "        correct=correct+1\n",
    "    if np.sum(a)<0 and f1.judge(a)==-1:\n",
    "        correct=correct+1\n",
    "print(\"accuracy\"+str(correct)+\"%\")"
   ]
  },
  {
   "cell_type": "code",
   "execution_count": 5,
   "metadata": {},
   "outputs": [
    {
     "data": {
      "text/plain": [
       "'\\nfor i in range(100):\\n    a=np.random.randn(10)\\n    #print(str(f.judge(a))+\" \"+str(sum(a)))\\n    if np.sum(a)>=0 and f1.judge(a)==1:\\n        correct=correct+1\\n    if np.sum(a)<0 and f1.judge(a)==-1:\\n        correct=correct+1\\n'"
      ]
     },
     "execution_count": 5,
     "metadata": {},
     "output_type": "execute_result"
    }
   ],
   "source": [
    "'''\n",
    "for i in range(100):\n",
    "    a=np.random.randn(10)\n",
    "    #print(str(f.judge(a))+\" \"+str(sum(a)))\n",
    "    if np.sum(a)>=0 and f1.judge(a)==1:\n",
    "        correct=correct+1\n",
    "    if np.sum(a)<0 and f1.judge(a)==-1:\n",
    "        correct=correct+1\n",
    "'''"
   ]
  }
 ],
 "metadata": {
  "kernelspec": {
   "display_name": "Python 3",
   "language": "python",
   "name": "python3"
  },
  "language_info": {
   "codemirror_mode": {
    "name": "ipython",
    "version": 3
   },
   "file_extension": ".py",
   "mimetype": "text/x-python",
   "name": "python",
   "nbconvert_exporter": "python",
   "pygments_lexer": "ipython3",
   "version": "3.7.3"
  }
 },
 "nbformat": 4,
 "nbformat_minor": 2
}
